695146,2
695145,2
695024,2
694851,2
695148,2
695940,2
695147,2
695942,2
694853,2
695149,2
695944,2
694854,2
695943,2
695946,2
694856,2
695827,2
695948,2
695826,2
695947,2
695829,2
695828,2
695949,2
695151,2
695150,2
695153,2
695152,2
695155,2
695034,2
695154,2
695135,2
694840,2
695139,2
694842,2
695138,2
694841,2
694965,2
694843,2
694964,2
694845,2
694966,2
694848,2
694847,2
694849,2
695938,2
695140,2
695142,2
695141,2
695144,2
695143,2
695022,2
695487,2
695003,2
695123,2
695005,2
695489,2
694950,2
695125,2
695004,2
694952,2
695128,2
694831,2
695007,2
695127,2
695006,2
694830,2
694951,2
694833,2
694832,2
695129,2
694835,2
694834,2
694837,2
694958,2
694836,2
694839,2
694838,2
695492,2
695491,2
695131,2
695494,2
695130,2
695493,2
695132,2
695011,2
695476,2
695113,2
695112,2
695115,2
694941,2
694820,2
695117,2
695116,2
694940,2
694822,2
694943,2
695119,2
695118,2
694945,2
694824,2
694823,2
694825,2
694949,2
694827,2
694829,2
696210,2
695120,2
695122,2
695485,2
695121,2
695069,2
694893,2
694892,2
695068,2
694895,2
694894,2
694897,2
694896,2
694899,2
695070,2
695072,2
695071,2
695074,2
695073,2
695076,2
695197,2
695196,2
695075,2
695870,2
695198,2
695179,2
694882,2
695178,2
694881,2
695970,2
695057,2
696149,2
694884,2
696146,2
695059,2
695972,2
694883,2
694886,2
694885,2
694888,2
695976,2
694887,2
695979,2
695978,2
695061,2
695060,2
695063,2
695062,2
696150,2
695065,2
695064,2
694891,2
694890,2
695168,2
695960,2
695288,2
694870,2
695841,2
695962,2
694873,2
694872,2
695048,2
695840,2
695961,2
694875,2
695964,2
695842,2
694874,2
695966,2
694877,2
694876,2
694879,2
695968,2
695969,2
695054,2
696145,2
695056,2
694880,2
695156,2
694862,2
695830,2
695951,2
695159,2
695037,2
694861,2
695832,2
695953,2
694864,2
694863,2
695952,2
695831,2
695955,2
695834,2
694866,2
695954,2
694865,2
695833,2
695836,2
694868,2
695835,2
694867,2
695959,2
695838,2
694869,2
695837,2
695958,2
695839,2
695164,2
695044,2
696132,2
696074,2
696072,2
696073,2
694794,2
694793,2
694796,2
694795,2
694798,2
694797,2
694799,2
695090,2
695098,2
695099,2
695872,2
695871,2
695079,2
695873,2
695081,2
695080,2
695083,2
695082,2
695085,2
695084,2
695087,2
695086,2
695089,2
694792,2
695088,2
694791,2
695101,2
695104,2
695224,2
695103,2
695106,2
695105,2
695229,2
695108,2
694811,2
694932,2
695228,2
695107,2
694810,2
694931,2
694934,2
694813,2
694812,2
695109,2
694933,2
694936,2
694815,2
694814,2
694935,2
694817,2
694938,2
694816,2
694937,2
694819,2
694818,2
715561,2
695111,2
695110,2
695456,2
695216,2
694800,2
695218,2
694802,2
694801,2
695219,2
694925,2
694804,2
694924,2
694803,2
694806,2
694927,2
694805,2
694926,2
694808,2
694929,2
694807,2
694928,2
694809,2
695221,2
695100,2
694910,2
695209,2
694912,2
694914,2
694913,2
694916,2
694915,2
694918,2
694917,2
694919,2
695553,2
695555,2
695554,2
695556,2
694900,2
694905,2
694907,2
694906,2
694909,2
