600215,2
600810,2
600811,2
13082,2
600814,2
6555,2
600817,2
600819,2
617805,2
31870,2
604065,2
13807,2
600023,2
31755,2
12952,2
602789,2
603834,2
5154,2
5035,2
600806,2
5191,2
602030,2
602274,2
603520,2
602275,2
601664,2
13534,2
600754,2
600997,2
600877,2
600757,2
600759,2
600319,2
5047,2
5048,2
601728,2
29847,2
4628,2
5717,2
604000,2
604001,2
32101,2
5115,2
603552,2
600763,2
600820,2
600821,2
600745,2
5010,2
6462,2
5693,2
600823,2
4241,2
603978,2
600824,2
600825,2
600748,2
3275,2
617704,2
32133,2
603466,2
30478,2
600830,2
