3727
3779
3778
3743
3221
3220
3613
3443
2736
3202
3246
3387
3667
3836
3831
3832
3606
3807
3736
3505
3516
3744
3288
3915
3872
3871
3924
3923
3838
3753
3842
1037
3200
1456
2766
4000
4027
4024
4028
4026
4019
4025
2503
3429
3428
958
955
1024
1474
3744
1949
3596
1989
3253
3216
2381
3394
3453
3451
783
3544
4678
1990
1987
1988
2732
2861
2626
2323
2836
2840
3461
3452
3463
3478
2051
3283
3344
3386
3582
3754
3651
2927
3808
3764
3454
3765
3441
3400
4111
4115
4161
4176
4177
4101
4206
3504
3509
4250
4253
4330
4331
4321
4323
4335
3776
4347
4349
4350
4351
4360
4362
4364
4374
4384
4357
4425
4426
4427
4428
4268
4274
4228
4226
4225
4227
4224
4440
4464
4470
4258
3972
3743
4478
4525
4552
4613
4611
4610
4609
4558
4619
4621
4653
4654
1091
4771
4772
4770
4278
4282
4283
4280
4281
4294
4593
4703
4702
756
4780
4779
4781
4802
4887
4888
4554
3381
4050
4058
4054
4059
4735
4759
4742
4805
4803
4652
4912
4915
4189
4957
4963
4964
4441
4808
4948
4111
4115
2032
5029
4997
4791
5093
4722
5088
5078
5076
5089
5080
5079
5071
5155
5091
4000
5151